9
-0.841471 -1.000000
-0.681639 -0.750000
-0.479426 -0.500000
-0.247404 -0.250000
0.000000 0.000000
0.247404 0.250000
0.479426 0.500000
0.681639 0.750000
0.841471 1.000000
____________________
17
-8.000000 12.000000 
-7.000000 5.000000 
-6.000000 0.000000 
-5.000000 -3.000000 
-4.000000 -4.000000 
-3.000000 -3.000000 
-2.000000 0.000000 
-1.000000 5.000000 
0.000000 12.000000 
1.000000 21.000000 
2.000000 32.000000 
3.000000 45.000000 
4.000000 60.000000 
5.000000 77.000000 
6.000000 96.000000 
7.000000 117.000000 
8.000000 140.000000 
