9
0          -1.000000  -0.750000  -0.500000  -0.250000  0.000000   0.250000   0.500000   0.750000   1.000000   
-1.000000  -0.301169  -0.109782  0.036112   0.127441   0.158529   0.127441   0.036112   -0.109782  -0.301169  
-0.750000  -0.141336  0.050050   0.195944   0.287274   0.318361   0.287274   0.195944   0.050050   -0.141336  
-0.500000  0.060877   0.252263   0.398157   0.489487   0.520574   0.489487   0.398157   0.252263   0.060877   
-0.250000  0.292898   0.484285   0.630179   0.721508   0.752596   0.721508   0.630179   0.484285   0.292898   
0.000000   0.540302   0.731689   0.877583   0.968912   1.000000   0.968912   0.877583   0.731689   0.540302   
0.250000   0.787706   0.979093   1.124987   1.216316   1.247404   1.216316   1.124987   0.979093   0.787706   
0.500000   1.019728   1.211114   1.357008   1.448338   1.479426   1.448338   1.357008   1.211114   1.019728   
0.750000   1.221941   1.413328   1.559221   1.650551   1.681639   1.650551   1.559221   1.413328   1.221941   
1.000000   1.381773   1.573160   1.719054   1.810383   1.841471   1.810383   1.719054   1.573160   1.381773   